(139 , 188 , 221),
(230 , 64 , 43),
(123 , 179 , 230),
(148 , 189 , 221),
(163 , 188 , 210),
(98 , 114 , 89),
(188 , 172 , 168),
(73 , 74 , 59),
(114 , 131 , 131),
(47 , 48 , 32),
(139 , 162 , 148),
(64 , 82 , 40),
(233 , 79 , 60),
(115 , 130 , 105),
(41 , 24 , 24),
(48 , 57 , 49),
(89 , 103 , 64),
(139 , 149 , 97),
(179 , 196 , 204),
(123 , 180 , 223),
(164 , 179 , 147),
(164 , 164 , 163),
(114 , 130 , 82),
(115 , 139 , 130),
(93 , 183 , 236),
(98 , 123 , 105),
(230 , 83 , 56),
(235 , 59 , 4),
(115 , 180 , 230),
(131 , 156 , 123),
(73 , 64 , 31),
(57 , 65 , 31),
(98 , 179 , 237),
(97 , 106 , 90),
(138 , 139 , 115),
(45 , 40 , 48),
(180 , 196 , 171),
(97 , 90 , 73),
(48 , 41 , 23),
(97 , 90 , 43),
(82 , 97 , 89),
(164 , 196 , 213),
(74 , 89 , 57),
(98 , 130 , 139),
(66 , 72 , 41),
(65 , 48 , 48),
(155 , 155 , 123),
(57 , 98 , 56),
(189 , 155 , 65),
(189 , 189 , 196),
(189 , 172 , 172),
(238 , 49 , 31),
(57 , 73 , 40),
(84 , 88 , 69),
(229 , 97 , 74),
(89 , 132 , 105),
(221 , 105 , 106),
(171 , 171 , 89),
(73 , 82 , 82),
(163 , 163 , 81),
(114 , 123 , 56),
(163 , 179 , 188),
(139 , 180 , 204),
(179 , 205 , 212),
(164 , 147 , 73),
(204 , 179 , 57),
(212 , 131 , 138),
(229 , 64 , 56),
(73 , 98 , 65),
(23 , 24 , 16),
(82 , 90 , 74),
(74 , 73 , 32),
(196 , 189 , 90),
(205 , 164 , 57),
(49 , 74 , 64),
(81 , 114 , 90),
(89 , 82 , 56),
(245 , 64 , 16),
(179 , 196 , 123),
(114 , 98 , 48),
(148 , 179 , 172),
(242 , 63 , 43),
(237 , 65 , 48),
(230 , 90 , 98),
(196 , 155 , 148),
(98 , 114 , 105),
(81 , 115 , 131),
(139 , 122 , 48),
(122 , 164 , 138),
(98 , 74 , 41),
(74 , 48 , 32),
(98 , 122 , 64),
(98 , 90 , 98),
(237 , 56 , 32),
(148 , 172 , 123),
(56 , 89 , 57),
(188 , 180 , 164),
(238 , 73 , 24),
(74 , 148 , 197),
(138 , 156 , 147),
(222 , 82 , 81),
(138 , 122 , 89),
(115 , 147 , 131),
(139 , 156 , 74),
(82 , 98 , 123),
(114 , 156 , 189),
(54 , 50 , 36),
(56 , 49 , 31),
(90 , 64 , 49),
(115 , 123 , 81),
(196 , 205 , 138),
(164 , 163 , 123),
(114 , 139 , 155),
(106 , 105 , 65),
(81 , 172 , 230),
(122 , 115 , 89),
(49 , 74 , 41),
(115 , 122 , 98),
(188 , 164 , 97),
(205 , 98 , 114),
(139 , 171 , 155),
(130 , 147 , 155),
(48 , 57 , 57),
(172 , 188 , 115),
(90 , 98 , 48),
(40 , 41 , 24),
(115 , 98 , 90),
(73 , 64 , 56),
(82 , 131 , 164),
(205 , 131 , 40),
(49 , 81 , 98),
(64 , 74 , 65),
(230 , 64 , 23),
(114 , 148 , 172),
(138 , 131 , 57),
(90 , 171 , 212),
(106 , 171 , 205),
(64 , 106 , 98),
(138 , 98 , 40),
(24 , 40 , 23),
(163 , 122 , 56),
(164 , 189 , 171),
(148 , 163 , 90),
(138 , 138 , 74),
(64 , 82 , 97),
(230 , 64 , 8),
(73 , 89 , 49),
(65 , 56 , 65),
(114 , 172 , 212),
(147 , 114 , 41),
(89 , 105 , 122),
(139 , 130 , 138),
(138 , 163 , 188),
(105 , 115 , 48),
(64 , 106 , 148),
(196 , 115 , 122),
(98 , 147 , 163),
(81 , 106 , 57),
(163 , 139 , 64),
(49 , 56 , 74),
(180 , 156 , 123),
(65 , 40 , 24),
(164 , 172 , 164),
(163 , 131 , 130),
(179 , 130 , 48),
(164 , 156 , 82),
(222 , 73 , 48),
(65 , 123 , 163),
(138 , 98 , 90),
(74 , 122 , 90),
(196 , 81 , 73),
(123 , 171 , 205),
(138 , 155 , 171),
(130 , 82 , 57),
(90 , 148 , 179),
(164 , 179 , 123),
(65 , 64 , 81),
(16 , 7 , 23),
(122 , 148 , 98),
(123 , 105 , 49),
(98 , 114 , 73),
(64 , 90 , 105),
(189 , 130 , 138),
(106 , 171 , 222),
(147 , 189 , 212),
(49 , 90 , 114),
(49 , 57 , 23),
(205 , 65 , 64),
(32 , 57 , 57),
(205 , 49 , 24),
(196 , 179 , 98),
(204 , 155 , 48),
(24 , 24 , 40),
(138 , 155 , 98),
(131 , 65 , 48),
(189 , 90 , 57),
(115 , 139 , 90),
(89 , 122 , 90),
(43 , 15 , 27),
(97 , 82 , 90),
(105 , 138 , 106),
(180 , 188 , 205),
(98 , 90 , 49),
(180 , 188 , 172),
(40 , 16 , 23),
(147 , 172 , 188),
(237 , 49 , 8),
(139 , 114 , 98),
(229 , 90 , 57),
(97 , 98 , 98),
(97 , 131 , 163),
(74 , 81 , 98),
(139 , 131 , 82),
(98 , 114 , 139),
(105 , 131 , 98),
(179 , 179 , 164),
(147 , 156 , 122),
(57 , 31 , 24),
(196 , 196 , 122),
(90 , 97 , 64),
(230 , 81 , 23),
(164 , 148 , 131),
(138 , 180 , 222),
(122 , 41 , 31),
(115 , 171 , 213),
(229 , 81 , 90),
(32 , 48 , 24),
(90 , 180 , 222),
(213 , 64 , 32),
(188 , 106 , 49),
(120 , 190 , 224),
(222 , 56 , 31),
(123 , 188 , 222),
(98 , 156 , 179),
(64 , 41 , 49),
(90 , 139 , 106),
(114 , 56 , 41),
(40 , 41 , 48),
(139 , 148 , 123),
(23 , 41 , 48),
(81 , 98 , 57),
(148 , 189 , 189),
(7 , 0 , 0),
(122 , 155 , 131),
(99 , 89 , 77),
(114 , 122 , 60),
(163 , 189 , 202),
(81 , 115 , 86),
(147 , 179 , 168),
(191 , 105 , 47),
(63 , 58 , 61),
(162 , 180 , 118),
(135 , 133 , 139),
(194 , 182 , 96),
(233 , 72 , 64),
(77 , 96 , 68),
