(90 , 21 , 64),
(172 , 64 , 77),
(207 , 92 , 91),
(205 , 133 , 122),
(98 , 27 , 70),
(220 , 115 , 104),
(181 , 72 , 82),
(200 , 92 , 87),
(86 , 14 , 58),
(203 , 131 , 127),
(223 , 123 , 115),
(219 , 105 , 103),
(233 , 145 , 119),
(169 , 63 , 82),
(184 , 82 , 93),
(98 , 26 , 58),
(153 , 54 , 74),
(230 , 128 , 109),
(191 , 120 , 120),
(206 , 104 , 105),
(212 , 142 , 129),
(224 , 192 , 176),
(195 , 90 , 85),
(133 , 46 , 71),
(116 , 34 , 66),
(86 , 9 , 58),
(89 , 23 , 72),
(220 , 97 , 94),
(195 , 98 , 101),
(94 , 35 , 78),
(165 , 60 , 70),
(245 , 201 , 153),
(228 , 119 , 104),
(195 , 134 , 120),
(236 , 156 , 123),
(186 , 70 , 84),
(217 , 181 , 169),
(228 , 199 , 186),
(228 , 132 , 123),
(176 , 63 , 88),
(102 , 26 , 62),
(221 , 174 , 160),
(215 , 90 , 94),
(211 , 142 , 121),
(109 , 41 , 80),
(235 , 195 , 182),
(140 , 38 , 63),
(213 , 113 , 117),
(184 , 108 , 112),
(152 , 49 , 69),
(191 , 82 , 78),
(207 , 109 , 99),
(207 , 78 , 82),
(242 , 207 , 163),
(219 , 153 , 138),
(237 , 146 , 109),
(217 , 124 , 111),
(146 , 67 , 87),
(224 , 109 , 111),
(166 , 78 , 89),
(170 , 54 , 75),
(199 , 109 , 112),
(137 , 57 , 76),
(231 , 137 , 130),
(211 , 163 , 155),
(220 , 105 , 95),
(186 , 113 , 121),
(228 , 203 , 191),
(185 , 92 , 95),
(176 , 67 , 79),
(124 , 36 , 62),
(228 , 185 , 167),
(228 , 113 , 100),
(81 , 8 , 63),
(221 , 128 , 95),
(237 , 159 , 119),
(97 , 32 , 83),
(236 , 182 , 131),
(112 , 44 , 92),
(204 , 119 , 117),
(225 , 151 , 133),
(213 , 94 , 106),
(198 , 82 , 95),
(228 , 127 , 117),
(85 , 26 , 70),
(205 , 143 , 142),
(112 , 29 , 59),
(97 , 14 , 66),
(158 , 51 , 62),
(246 , 205 , 149),
(96 , 24 , 65),
(237 , 194 , 149),
(199 , 129 , 118),
(116 , 51 , 101),
(213 , 146 , 150),
(77 , 15 , 69),
(170 , 61 , 65),
(175 , 80 , 87),
(236 , 208 , 187),
(227 , 165 , 142),
(109 , 17 , 52),
(234 , 136 , 115),
(149 , 68 , 81),
(232 , 188 , 171),
(183 , 122 , 119),
(156 , 79 , 96),
(120 , 63 , 110),
(171 , 106 , 113),
(144 , 40 , 66),
(191 , 94 , 114),
(225 , 138 , 140),
(205 , 88 , 84),
(132 , 77 , 127),
(72 , 10 , 54),
(181 , 98 , 98),
(175 , 71 , 83),
(139 , 48 , 81),
(224 , 127 , 105),
(211 , 91 , 86),
(228 , 177 , 156),
(118 , 40 , 86),
(195 , 78 , 79),
(239 , 162 , 129),
(99 , 23 , 77),
(224 , 128 , 112),
(236 , 199 , 155),
(168 , 61 , 74),
(225 , 195 , 183),
(211 , 137 , 107),
(239 , 154 , 111),
(233 , 152 , 144),
(239 , 184 , 167),
(120 , 34 , 70),
(101 , 42 , 80),
(224 , 164 , 150),
(219 , 122 , 130),
(136 , 91 , 141),
(119 , 20 , 58),
(240 , 203 , 189),
(140 , 63 , 94),
(215 , 193 , 176),
(220 , 91 , 95),
(81 , 14 , 59),
(239 , 143 , 114),
(236 , 182 , 123),
(162 , 91 , 107),
(236 , 149 , 114),
(82 , 14 , 72),
(165 , 67 , 86),
(183 , 80 , 99),
(241 , 192 , 174),
(198 , 87 , 88),
(177 , 72 , 93),
(97 , 39 , 96),
(195 , 123 , 117),
(223 , 137 , 133),
(112 , 52 , 82),
(230 , 210 , 200),
(152 , 110 , 154),
(81 , 30 , 66),
(128 , 39 , 62),
(246 , 211 , 166),
(245 , 196 , 134),
(128 , 72 , 114),
(133 , 46 , 66),
(133 , 59 , 94),
(147 , 58 , 73),
(208 , 150 , 142),
(190 , 85 , 85),
(194 , 133 , 135),
(183 , 67 , 67),
(219 , 167 , 165),
(90 , 12 , 52),
(145 , 99 , 155),
(173 , 104 , 105),
(211 , 157 , 156),
(224 , 106 , 94),
(83 , 20 , 68),
(210 , 94 , 96),
(212 , 176 , 167),
(212 , 109 , 105),
(191 , 125 , 121),
(255 , 207 , 161),
(236 , 202 , 163),
(111 , 32 , 75),
(114 , 52 , 111),
(230 , 138 , 115),
(200 , 115 , 102),
(222 , 163 , 132),
(155 , 80 , 113),
(225 , 136 , 121),
(229 , 124 , 101),
(211 , 127 , 128),
(157 , 51 , 70),
(212 , 187 , 171),
(71 , 6 , 60),
(223 , 142 , 104),
(160 , 124 , 168),
(237 , 182 , 158),
(216 , 145 , 116),
(151 , 79 , 89),
(193 , 90 , 97),
(160 , 39 , 66),
(177 , 88 , 102),
(129 , 54 , 106),
(186 , 122 , 125),
(236 , 131 , 93),
(223 , 108 , 117),
(218 , 186 , 174),
(99 , 31 , 76),
(141 , 94 , 135),
(142 , 78 , 105),
(155 , 64 , 77),
(237 , 213 , 171),
(242 , 221 , 200),
(127 , 68 , 123),
(233 , 144 , 139),
(191 , 161 , 158),
(119 , 64 , 118),
(170 , 103 , 121),
(143 , 56 , 70),
(229 , 166 , 128),
(142 , 44 , 68),
(202 , 126 , 112),
(81 , 25 , 81),
(206 , 160 , 158),
(103 , 20 , 58),
(237 , 168 , 155),
(109 , 23 , 59),
(220 , 209 , 193),
(161 , 86 , 117),
(243 , 191 , 126),
(126 , 48 , 82),
(192 , 96 , 97),
(151 , 117 , 167),
(199 , 75 , 84),
(103 , 49 , 81),
(151 , 60 , 78),
(178 , 117 , 116),
(213 , 135 , 141),
(229 , 113 , 88),
(233 , 178 , 133),
(128 , 31 , 59),
(214 , 82 , 83),
(220 , 183 , 157),
(194 , 102 , 92),
(243 , 196 , 179),
(196 , 117 , 136),
(201 , 103 , 85),
(216 , 97 , 86),
(141 , 68 , 117),
(223 , 191 , 163),
(224 , 116 , 114),
(188 , 108 , 117),
(208 , 109 , 112),
(195 , 119 , 108),
