(148 , 199 , 206),
(210 , 229 , 212),
(87 , 31 , 32),
(147 , 195 , 204),
(96 , 50 , 42),
(196 , 218 , 208),
(164 , 208 , 208),
(157 , 191 , 193),
(72 , 23 , 24),
(83 , 38 , 30),
(98 , 31 , 42),
(155 , 204 , 200),
(156 , 182 , 183),
(179 , 214 , 210),
(173 , 204 , 194),
(173 , 196 , 187),
(212 , 237 , 211),
(99 , 23 , 29),
(101 , 46 , 46),
(96 , 40 , 35),
(72 , 37 , 30),
(105 , 61 , 48),
(69 , 14 , 16),
(187 , 223 , 214),
(136 , 189 , 198),
(218 , 233 , 212),
(83 , 17 , 29),
(151 , 205 , 208),
(107 , 73 , 53),
(84 , 50 , 41),
(109 , 40 , 40),
(177 , 207 , 207),
(77 , 31 , 43),
(148 , 190 , 187),
(70 , 46 , 33),
(88 , 18 , 20),
(102 , 35 , 30),
(62 , 26 , 21),
(87 , 55 , 32),
(110 , 25 , 39),
(79 , 49 , 26),
(70 , 35 , 16),
(111 , 49 , 52),
(167 , 183 , 177),
(90 , 58 , 45),
(147 , 183 , 194),
(95 , 39 , 52),
(114 , 94 , 68),
(122 , 78 , 61),
(155 , 178 , 170),
(177 , 220 , 214),
(163 , 195 , 190),
(182 , 201 , 201),
(96 , 73 , 43),
(129 , 204 , 211),
(71 , 20 , 28),
(106 , 70 , 38),
(92 , 22 , 40),
(107 , 18 , 28),
(62 , 14 , 10),
(91 , 51 , 56),
(124 , 191 , 202),
(77 , 9 , 15),
(120 , 86 , 52),
(182 , 210 , 205),
(178 , 199 , 190),
(108 , 65 , 57),
(90 , 41 , 19),
(113 , 183 , 195),
(104 , 27 , 45),
(61 , 40 , 23),
(89 , 74 , 55),
(82 , 70 , 41),
(149 , 177 , 181),
(103 , 82 , 64),
(175 , 158 , 74),
(137 , 209 , 207),
(160 , 213 , 213),
(119 , 70 , 43),
(192 , 231 , 212),
(147 , 191 , 174),
(124 , 110 , 72),
(179 , 191 , 180),
(221 , 235 , 212),
(156 , 187 , 187),
(143 , 195 , 198),
(119 , 103 , 56),
(85 , 40 , 40),
(180 , 210 , 197),
(83 , 29 , 13),
(96 , 9 , 37),
(111 , 80 , 68),
(115 , 59 , 66),
(129 , 90 , 62),
(130 , 184 , 189),
(85 , 39 , 56),
(55 , 9 , 8),
(168 , 193 , 198),
(96 , 54 , 36),
(170 , 208 , 191),
(72 , 58 , 34),
(106 , 12 , 38),
(115 , 97 , 83),
(113 , 52 , 43),
(91 , 51 , 25),
(87 , 13 , 15),
(133 , 125 , 81),
(123 , 78 , 37),
(165 , 200 , 174),
(68 , 32 , 40),
(100 , 37 , 38),
(120 , 195 , 200),
(137 , 168 , 168),
(53 , 26 , 20),
(132 , 90 , 56),
(172 , 210 , 215),
(76 , 58 , 48),
(97 , 37 , 19),
(179 , 170 , 65),
(105 , 90 , 57),
(136 , 180 , 184),
(100 , 66 , 68),
(114 , 32 , 53),
(78 , 21 , 28),
(173 , 179 , 185),
(133 , 108 , 65),
(62 , 51 , 24),
(133 , 160 , 154),
(151 , 166 , 160),
(160 , 190 , 198),
(105 , 48 , 43),
(67 , 15 , 31),
(68 , 47 , 42),
(156 , 210 , 210),
(57 , 6 , 3),
(207 , 222 , 199),
(153 , 197 , 186),
(180 , 227 , 220),
(108 , 34 , 25),
(140 , 203 , 209),
(150 , 185 , 182),
(102 , 70 , 48),
(117 , 43 , 38),
(109 , 110 , 64),
(200 , 229 , 215),
(134 , 125 , 64),
(92 , 36 , 44),
(87 , 31 , 41),
(112 , 86 , 49),
(171 , 209 , 199),
(103 , 97 , 93),
(75 , 34 , 9),
(109 , 65 , 35),
(143 , 195 , 191),
(98 , 89 , 48),
(173 , 168 , 84),
(131 , 90 , 77),
(131 , 151 , 152),
(112 , 77 , 61),
(82 , 16 , 41),
(89 , 75 , 42),
(95 , 23 , 15),
(96 , 62 , 72),
(192 , 217 , 204),
(136 , 111 , 80),
(112 , 118 , 123),
(127 , 97 , 44),
(131 , 144 , 132),
(161 , 196 , 198),
(120 , 73 , 54),
(130 , 139 , 81),
(147 , 190 , 193),
(98 , 91 , 72),
(61 , 15 , 24),
(109 , 11 , 28),
(109 , 114 , 94),
(128 , 168 , 162),
(164 , 219 , 202),
(101 , 60 , 28),
(126 , 128 , 114),
(135 , 119 , 58),
(180 , 149 , 64),
(98 , 57 , 46),
(120 , 71 , 75),
(161 , 217 , 214),
(125 , 110 , 99),
(140 , 142 , 92),
(127 , 210 , 208),
(119 , 106 , 80),
(225 , 242 , 222),
(167 , 168 , 176),
(124 , 123 , 87),
(129 , 54 , 51),
(112 , 102 , 109),
(107 , 191 , 202),
(124 , 177 , 191),
(195 , 234 , 202),
(189 , 226 , 217),
(115 , 130 , 134),
(215 , 220 , 207),
(82 , 44 , 63),
(136 , 216 , 217),
(99 , 57 , 51),
(106 , 73 , 83),
(103 , 24 , 37),
(171 , 201 , 188),
(112 , 96 , 55),
(124 , 182 , 177),
(126 , 112 , 50),
(120 , 190 , 195),
(93 , 3 , 24),
(143 , 135 , 88),
(170 , 159 , 55),
(171 , 222 , 216),
(123 , 128 , 127),
(69 , 62 , 53),
(108 , 32 , 36),
(76 , 50 , 35),
(91 , 40 , 27),
(174 , 176 , 81),
(114 , 48 , 24),
(86 , 53 , 38),
(150 , 220 , 211),
(157 , 206 , 190),
(53 , 32 , 17),
(120 , 101 , 90),
(83 , 16 , 23),
(132 , 147 , 116),
(81 , 32 , 21),
(165 , 187 , 165),
(137 , 200 , 200),
(105 , 37 , 41),
(113 , 69 , 42),
(57 , 44 , 21),
(153 , 184 , 192),
(127 , 130 , 92),
(149 , 181 , 166),
(73 , 43 , 39),
(129 , 81 , 57),
(156 , 175 , 179),
(91 , 88 , 50),
(94 , 61 , 57),
(73 , 50 , 22),
(152 , 159 , 84),
(81 , 42 , 26),
(143 , 113 , 79),
(88 , 68 , 64),
(121 , 83 , 85),
(138 , 185 , 192),
(115 , 120 , 108),
(170 , 165 , 64),
(106 , 79 , 101),
(140 , 101 , 53),
(73 , 15 , 24),
(100 , 67 , 54),
(117 , 48 , 49),
